0.5864937003865047
0.6304724833435715
0.08657220049731816
0.6331831613873065
0.4332063973033963
0.059082800714942756
0.20594644075066212
0.3993649932130821
0.6534139583722948
0.6579296119136139
0.11807320902889412
0.6616861128753507
0.6532152407175119
0.35368308622272615
0.5749218417764292
0.10176592660479578
0.28932406269081906
0.6340513169650793
0.5678555148783314
0.6545908760002811
0.44478983140607936
0.019681575155057276
0.6080934552683149
0.6414120096269046
0.45972535178436613
0.5341438603916414
0.519000397481948
0.2624503983723096
0.44464072675162003
0.1319289677637242
0.48229075882170686
0.018014823680587704
0.20534654704085356
0.024564895536050013
0.05873542880204571
0.592775379880361
0.47242747159142695
0.21967722749659804
0.6493264480755461
0.019129871609396217
0.3064917226310894
0.25407857525732624
0.5421074222719028
0.5705215252603089
0.14719419673342884
0.3577640313531863
0.31357192430852265
0.4397256096795787
0.48534977478344027
0.5309887627139083
0.2050009930356092
0.46043742162056783
0.44442602475201004
0.12322147405777704
0.07869893296565814
0.36544565138332474
0.6547419301471036
0.22930541244240238
0.4158762098600941
0.1776260984914839
0.5274442460510126
0.1959777220112869
0.3718450082749882
0.4760718143745567
0.6252969784007426
0.6544704860850521
0.3995415732776834
0.09840037675256122
0.10944703198398327
0.19712975492895093
0.603572703089852
0.19558207182868287
0.5861635408478866
0.18996342639982855
0.6393737029662283
0.23406359002134236
0.15605359966439483
0.19398728064710039
0.42672625040141365
0.3419711254292551
0.23495243742238003
0.5976461016978001
0.41587489509202635
0.40084491353951524
0.634595189004179
0.20865069621788354
0.5335868658437154
0.5299971403317024
0.25325185251616406
0.40918189617785206
0.042228832696750554
0.028614956602930307
0.3899730490492308
0.555665000643803
0.6414197250198329
0.08950572895617726
0.4095956771210693
0.33807160016436566
0.010355730866609722
0.22780791714201207
0.12278085607058098
0.2175393545095679
0.12632661770835557
0.19961995337616703
0.46779276384418533
0.31871706194139926
0.1811271290838806
0.11264919326490228
0.3946007533101815
0.04387324395464104
0.06709967291265584
0.007799643789272949
0.5884063530752343
0.048502356583646385
0.19822596031173875
0.2989860588260868
0.14241907191645797
0.10554918967484979
0.6172567674613171
0.40091476387547464
0.6100391332598262
0.23457516178974122
0.27062245527783596
0.18790929488268635
0.1443918859839234
0.28494238509922276
0.629397180135244
0.35877031110164986
0.22807754354394238
0.24542965591301777
0.5567113475949916
0.18893075375517288
0.05816207868160944
0.6451494187368629
0.41213793535298165
0.1848306478370065
0.5912003347432326
0.023031276182918597
0.4411711556805192
0.44045860858457103
0.3994324153161178
0.5206187781935055
0.4658460139331589
0.2449303638523818
0.556687647352029
0.6394251127878681
0.35501082699649
0.31481492766491614
0.37390913553546495
0.5886435563187771
0.43872611063691863
0.584098704680192
0.23445564572493738
0.6198701495870633
0.42916395648121597
0.16550369130367748
0.33961079811485945
0.605559185280034
0.1790796259595161
0.18025570828200402
0.21749909833645592
0.2977626455711874
0.6301529808287827
0.30662121685443516
0.19739073935005635
0.4192654639052562
0.42201974678396953
0.1761719896552086
0.21246203518652768
0.29170247252649106
0.049329313075752085
0.5755441106073672
0.6392021274767381
0.35669958384740796
0.1863544117277416
0.6567928863541048
0.38344995802589793
0.3569662981123971
0.4600192061699509
0.2442507206662658
0.02058190292891709
0.6331506761689814
0.06008497502384614
0.22702085528069524
0.09627209484282698
0.06719865178858839
0.36175748328501334
0.4907103126889298
0.6253037082089042
0.47578384389720035
0.017475075734334447
0.3668752845640558
0.6300974067219766
0.4273292941689563
0.5792600110316107
0.14345109563631775
0.6237499246295938
0.35788975288268027
0.6674169754647646
0.36725950026555204