3.0	48.57565953689087
3.0	12.533692823346366
3.0	72.08462254344202
3.0	81.62339600324852
3.0	47.19324764897695
3.0	63.42145134799664
3.0	55.95275201042351
3.0	23.282396679266842
3.0	53.609127269769886
3.0	20.225181560492977
3.0	55.872874308729955
3.0	15.034302273337607
3.0	25.291375957296935
3.0	5.836908348318761
3.0	11.323911262050853
3.0	68.66440561763096
3.0	48.69450075376411
3.0	25.95703789252433
3.0	79.69705529595704
3.0	14.639697423896123
2.0	47.03608406716803
2.0	13.764057607180277
2.0	25.718536809108993
2.0	41.458252218834225
2.0	28.60543416112437
2.0	67.82480625244406
2.0	29.769513658767693
2.0	5.874875759749551
2.0	6.475779599963466
2.0	11.242609427087329
2.0	22.58618010926071
2.0	10.52939039080232
2.0	51.17709273407635
2.0	21.14193804035847
2.0	21.286657628414204
2.0	16.21696798818531
2.0	13.011609369201953
2.0	14.709138198976103
2.0	33.38661151942409
2.0	31.206023224769645
0.0	7.668858355536878
0.0	16.24922902393052
0.0	7.99036442032931
0.0	4.216547147527976
0.0	16.958588357146475
0.0	0.0
0.0	10.385319868667427
0.0	9.517980637518821
0.0	0.0
0.0	6.549292788359584
0.0	0.0
0.0	16.57940882210567
0.0	8.608945909195395
0.0	18.334963232979547
0.0	18.215683291590896
0.0	0.0
0.0	4.770159128403545
0.0	9.245405933908373
0.0	17.652428035448843
0.0	2.639743684111843
1.0	11.946760557534299
1.0	24.01889747591175
1.0	26.12075929104997
1.0	11.483240614377156
1.0	35.953568829008795
1.0	44.941565827624004
1.0	34.894475577942956
1.0	50.316990846242696
1.0	36.5838304467671
1.0	35.47920180036639
1.0	26.34897572522486
1.0	49.58095968973209
1.0	19.219111368365013
1.0	17.909541360078123
1.0	27.502536968799067
1.0	26.802029463400523
1.0	40.52109887107926
1.0	14.042330844881633
1.0	35.4337716999878
1.0	44.68799159128758
