2.0	6.119182075530776
2.0	3.8846205187335046
2.0	44.35383280534727
2.0	22.07045137609601
2.0	10.34304136149024
2.0	42.31676444194083
2.0	28.79119908287917
2.0	6.9431738209731515
2.0	5.695994748842639
2.0	1.1616215054174879
2.0	35.57542605672611
2.0	4.134932173690293
2.0	0.16320496516458127
2.0	12.671970992788731
2.0	3.024067269031802
2.0	41.90682567967591
2.0	18.9478030284149
2.0	0.0
2.0	20.389066708334
2.0	4.008572923546829
0.0	0.0
0.0	0.0
0.0	0.0
0.0	0.0
0.0	0.0
0.0	0.0
0.0	0.0
0.0	0.0
0.0	0.0
0.0	0.0
0.0	0.0
0.0	0.0
0.0	0.0
0.0	9.22990939088536
0.0	0.0
0.0	0.0
0.0	0.0
0.0	0.0
0.0	0.0
0.0	0.0
1.0	4.6437944507085955
1.0	14.136528862053972
1.0	16.36611837459664
1.0	21.734435113792493
1.0	36.84237155227536
1.0	15.79087874263778
1.0	25.80611493585092
1.0	39.929339641289644
1.0	23.181914532143594
1.0	34.56453020021681
1.0	6.613212128685228
1.0	0.0
1.0	12.174227436650654
1.0	17.590407781802718
1.0	38.18112399190648
1.0	27.260013065014395
1.0	23.112523641986854
1.0	16.99354124548818
1.0	0.08819578856251117
1.0	10.23928245722001
3.0	18.4972491589185
3.0	8.43736982972843
3.0	31.606794557494183
3.0	3.6908850021012816
3.0	1.2982178470128645
3.0	1.548444713530224
3.0	25.09437339029868
3.0	8.51777491437034
3.0	14.452793793936676
3.0	0.0
3.0	8.199988315200423
3.0	2.3736141738180123
3.0	18.293016510229936
3.0	38.434260264978334
3.0	24.07690854527857
3.0	24.649275657143537
3.0	0.7031641156750035
3.0	23.730405947834274
3.0	3.886738166313285
3.0	21.841771546033634
