63.3630106406783
62.23063486041571
67.60033434669162
60.7661527657877
60.378031218659814
65.79445867710412
68.71751302939926
63.8921725108935
63.048164879908285
66.30542362737066
62.8011117549154
67.45432224793221
69.91875799092223
68.69079362016333
63.52462484238846
67.44707005830713
68.41486774457161
74.26752016185307
72.29135425455274
70.12506880034536
74.03198209227166
68.27595394023604
70.44281984193928
75.37402534342192
75.96531460439698
74.31827322798658
74.05393081519466
71.61508108185421
75.43000977824768
71.70249745205153
75.70351439500827
75.3013765784095
77.88637886727676
74.17933369092725
77.29557209217215
78.06143499714882
74.0261544711131
77.12321062131807
81.22378649790555
77.725451076691
76.98987258783441
79.33546525292452
77.79295156418696
80.01637226351097
78.87344028087425
79.53385401962512
81.13621764922904
83.83565500895055
81.82907468963103
85.2946383080957
76.10344624914252
80.56268352964372
82.70041152129724
80.27639756119973
79.4896088884643
84.76406458051048
85.11081476558978
84.62909653169422
85.26223479050486
82.3325152042474
83.65894535813237
85.03249393835054
83.88112477725969
86.88750806161391
92.5264884081542
85.48911828762648
88.78111144555696
84.77097759311678
91.29465203392634
85.65654390957671
89.07366184735088
87.28299075520516
90.57739948940957
89.63509312385581
89.84936280648442
97.98096077192629
89.0432720788769
90.91587082092121
98.36395072948393
88.77546541149252
93.54788266931905
89.67388239216916
95.50441602881332
94.03631349392369
95.23735282993499
93.17741321595287
94.89648160474695
98.44207182697568
89.06681864747395
91.09172690771987
96.77074496598007
94.34914217403343
95.63803276992758
92.87793134543693
94.77369085699596
96.43198555999115
95.95469222540177
95.9473073864933
97.46012152765786
96.4654608737579
102.7568707328281
97.06260238973948
104.70929568408843
99.3732811241275
96.93332576310338
99.45494116395183
103.84685316716626
104.52023049981996
102.55192991044783
103.24022743353859
104.49557462797151
99.42040039731475
102.05700167614714
99.17257539601094
103.11741658026646
107.10727102477706
106.8631618145931
111.29975693701914
106.14886561365122
100.473037338703
110.81953980381118
110.12018191056234
105.63466202723339
108.08404064134312
109.88825595425966
109.22103629424146
110.38848040492263
108.64514688271882
109.1950631833279
109.88268358472445
107.96102166954134
114.06560688055177
110.74436137245051
112.86884150222467
109.22350454541846
109.00934508816853
111.92367899695091
111.86144747561767
115.9791299466055
114.80801491286033
114.99577644696856
110.19718604555703
111.79468762806816
115.19074026932836
114.12047609442857
118.73258593841375
119.22321876297408
114.58955583853128
118.72889272252343
120.43825172060392
118.00567093923726
121.74624591738308
120.64736115816251
118.8020994870291
120.88125558080284
119.46695009713224
118.24249127109604
120.60903375999406
120.13013160979617
119.44704437924639
125.35173483719205
121.68475806876543
128.55937798039105
121.05688404449795
123.64966763378143
126.65245406994994
129.98841899987843
124.04651555850108
121.56365817830047
126.06064184197987
120.90408347508986
123.97889467465812
125.75421806731796
129.27478361270258
129.4966651694601
126.05056250933858
128.87977268043986
126.00372976160364
128.91322573316558
132.52854307975494
128.31930519346025
127.48962691063231
127.32949768883317
130.8469974411314
132.81738172332808
135.22298675635923
130.20056993000279
130.84164302877778
129.13295552810317
135.3208627730279
131.2962696174933
130.62114384929413
137.88111731835002
134.66965298396727
134.78472178359937
130.6705939124008
134.76740044079176
135.3491715593874
131.51950278962056
134.12784127248736
134.0206193414617